-840.142 	679.664 	716.089 	-643.626 	643.908 	710.954 	0 	0 	0 	899.987 	259.38 	2.5892 	1186.45 	-210.056 	-1.33097 	1291.11 	-381.422 	-3.7895 	
-840.126 	679.693 	715.912 	-643.198 	643.96 	710.791 	0 	0 	0 	899.984 	259.379 	2.62661 	1186.46 	-210.043 	-1.31178 	1291.04 	-381.432 	-3.73511 	
-840.084 	679.775 	715.671 	-642.9 	644.513 	710.53 	0 	0 	0 	900.016 	259.486 	2.60255 	1186.45 	-209.991 	-1.31494 	1291.03 	-381.47 	-3.75967 	
-840.177 	679.959 	715.527 	-643.093 	644.585 	710.371 	0 	0 	0 	899.981 	259.448 	2.6047 	1186.41 	-210.039 	-1.32452 	1290.97 	-381.478 	-3.72715 	
-840.503 	680.262 	715.433 	-643.089 	644.911 	710.037 	0 	0 	0 	899.967 	259.436 	2.58311 	1186.4 	-210.005 	-1.35587 	1291.04 	-381.409 	-3.79439 	
-840.755 	680.57 	715.287 	-643.524 	645.018 	709.883 	0 	0 	0 	899.95 	259.444 	2.52169 	1186.38 	-210.043 	-1.41609 	1291.09 	-381.41 	-3.81775 	
-840.906 	680.778 	714.992 	-644.101 	644.927 	709.784 	0 	0 	0 	899.96 	259.41 	2.46106 	1186.49 	-210.003 	-1.50606 	1291.33 	-381.297 	-4.00028 	
-841.562 	681.156 	714.768 	-644.515 	645.212 	709.599 	0 	0 	0 	899.953 	259.414 	2.47661 	1186.53 	-209.971 	-1.56102 	1291.28 	-381.313 	-3.96963 	
-842.109 	681.468 	714.508 	-644.774 	645.579 	709.239 	0 	0 	0 	899.961 	259.404 	2.50853 	1186.52 	-209.996 	-1.50098 	1291.23 	-381.321 	-3.91442 	
-842.116 	682.501 	713.824 	-645.087 	645.838 	709.049 	0 	0 	0 	899.941 	259.406 	2.54507 	1186.52 	-210.026 	-1.42588 	1291.22 	-381.32 	-3.91321 	
-842.556 	682.769 	713.105 	-645.652 	645.248 	708.774 	0 	0 	0 	899.936 	259.416 	2.56018 	1186.53 	-209.992 	-1.41592 	1291.1 	-381.393 	-3.83083 	
-842.326 	682.869 	712.108 	-646.321 	644.068 	708.237 	0 	0 	0 	899.964 	259.384 	2.58916 	1186.53 	-210.003 	-1.41148 	1291.14 	-381.394 	-3.8443 	
-841.68 	682.243 	711.428 	-645.621 	643.478 	706.684 	0 	0 	0 	899.978 	259.399 	2.64111 	1186.53 	-210.025 	-1.36267 	1291.01 	-381.465 	-3.69855 	
-840.843 	681.188 	711.483 	-644.469 	642.63 	705.699 	0 	0 	0 	899.988 	259.462 	2.64561 	1186.43 	-210.052 	-1.30198 	1291 	-381.455 	-3.69648 	
-838.608 	680.611 	711.811 	-642.45 	642.767 	705.179 	0 	0 	0 	899.986 	259.447 	2.6419 	1186.48 	-210.025 	-1.34376 	1291.07 	-381.408 	-3.75557 	
-835.706 	679.769 	712.84 	-639.384 	642.89 	705.476 	0 	0 	0 	899.997 	259.449 	2.62335 	1186.45 	-210.004 	-1.32777 	1291.01 	-381.428 	-3.72617 	
-831.915 	678.933 	713.703 	-635.829 	642.062 	706.483 	0 	0 	0 	899.98 	259.462 	2.57839 	1186.35 	-210.092 	-1.31793 	1290.89 	-381.497 	-3.72218 	
-828.788 	676.528 	715.789 	-631.727 	640.946 	707.841 	0 	0 	0 	899.96 	259.461 	2.53015 	1186.44 	-210.003 	-1.4553 	1291.2 	-381.312 	-3.90033 	
-823.122 	675.675 	716.102 	-626.785 	638.979 	709.068 	0 	0 	0 	899.942 	259.418 	2.49558 	1186.53 	-209.968 	-1.51213 	1291.23 	-381.303 	-3.94794 	
-817.149 	673.708 	716.601 	-620.78 	637.854 	709.608 	0 	0 	0 	899.951 	259.381 	2.48689 	1186.49 	-210.038 	-1.50454 	1291.22 	-381.296 	-3.95459 	
-809.619 	672.582 	716.658 	-613.091 	636.409 	709.706 	0 	0 	0 	899.967 	259.371 	2.51119 	1186.49 	-210.02 	-1.46238 	1291.21 	-381.349 	-3.95121 	
-799.901 	672.152 	716.268 	-604.602 	634.838 	710.058 	0 	0 	0 	899.963 	259.4 	2.52965 	1186.47 	-210.052 	-1.4065 	1291.11 	-381.395 	-3.83891 	
-790.12 	671.016 	716.913 	-595.089 	633.46 	710.602 	0 	0 	0 	899.93 	259.377 	2.59919 	1186.46 	-210.021 	-1.36428 	1291.07 	-381.421 	-3.78357 	
-780.817 	668.102 	719.288 	-584.519 	632.365 	711.488 	0 	0 	0 	899.939 	259.392 	2.59135 	1186.52 	-210.043 	-1.35729 	1291.07 	-381.455 	-3.76874 	
-769.477 	666.287 	720.539 	-573.373 	631.264 	712.909 	0 	0 	0 	899.973 	259.403 	2.62915 	1186.49 	-210.039 	-1.34689 	1290.89 	-381.527 	-3.66297 	
-757.145 	664.066 	721.81 	-561.092 	629.947 	714.017 	0 	0 	0 	899.993 	259.407 	2.64931 	1186.4 	-210.059 	-1.287 	1290.97 	-381.445 	-3.69258 	
-743.95 	661.96 	722.811 	-547.732 	629.002 	715.057 	0 	0 	0 	900 	259.477 	2.62798 	1186.4 	-210.052 	-1.28871 	1291.03 	-381.396 	-3.71192 	
-729.96 	659.577 	723.629 	-533.763 	627.285 	716.033 	0 	0 	0 	899.961 	259.473 	2.58632 	1186.41 	-210.035 	-1.35827 	1291.01 	-381.424 	-3.78639 	
-714.158 	657.827 	724.082 	-518.112 	625.821 	716.739 	0 	0 	0 	899.961 	259.451 	2.50704 	1186.37 	-210.063 	-1.4054 	1291.15 	-381.373 	-3.89013 	
-697.743 	655.169 	725.062 	-501.432 	624.371 	717.344 	0 	0 	0 	899.935 	259.412 	2.49033 	1186.47 	-210.004 	-1.52056 	1291.29 	-381.314 	-3.96178 	
-682.125 	651.331 	726.569 	-484.207 	622.422 	718.029 	0 	0 	0 	899.961 	259.405 	2.49622 	1186.54 	-209.965 	-1.55057 	1291.22 	-381.357 	-3.95618 	
-661.993 	650.301 	726.999 	-465.879 	619.71 	718.293 	0 	0 	0 	899.967 	259.416 	2.52835 	1186.5 	-210.039 	-1.46707 	1291.11 	-381.412 	-3.88566 	
-645.091 	646.738 	727.925 	-447.612 	616.986 	718.806 	0 	0 	0 	899.964 	259.423 	2.54414 	1186.47 	-210.051 	-1.41987 	1291.11 	-381.408 	-3.8786 	
-625.915 	645.907 	728.283 	-428.766 	614.011 	718.699 	0 	0 	0 	899.95 	259.373 	2.58732 	1186.56 	-210.011 	-1.42286 	1291.11 	-381.376 	-3.83608 	
-607.254 	645.157 	729.254 	-410.128 	611.04 	719.28 	0 	0 	0 	899.957 	259.395 	2.61341 	1186.49 	-210.027 	-1.34807 	1291.09 	-381.448 	-3.78653 	
-588.129 	644.869 	730.005 	-391.781 	607.509 	719.97 	0 	0 	0 	899.999 	259.374 	2.63464 	1186.47 	-210.011 	-1.34817 	1290.99 	-381.476 	-3.71596 	
-569.06 	645.023 	729.637 	-373.11 	604.471 	719.93 	0 	0 	0 	899.972 	259.438 	2.61213 	1186.38 	-210.062 	-1.29834 	1290.99 	-381.464 	-3.71269 	
-549.152 	645.517 	728.456 	-354.119 	601.716 	719.009 	0 	0 	0 	899.99 	259.441 	2.58974 	1186.46 	-210.032 	-1.34128 	1291.07 	-381.413 	-3.75273 	
-529.468 	645.299 	728.529 	-334.886 	598.943 	718.882 	0 	0 	0 	899.99 	259.487 	2.54969 	1186.43 	-210.035 	-1.38961 	1291.15 	-381.359 	-3.82476 	
-508.515 	646.013 	729.708 	-315.058 	596.386 	719.729 	0 	0 	0 	899.959 	259.453 	2.49977 	1186.45 	-210.02 	-1.47551 	1291.23 	-381.343 	-3.92623 	
-487.587 	643.588 	731.378 	-293.364 	596.137 	721.175 	0 	0 	0 	900.006 	259.456 	2.47692 	1186.55 	-209.985 	-1.53001 	1291.22 	-381.338 	-3.93206 	
-467.068 	639.739 	732.921 	-273.335 	591.546 	723.163 	0 	0 	0 	899.965 	259.403 	2.50412 	1186.49 	-210.016 	-1.46128 	1291.25 	-381.318 	-3.94904 	
-447.643 	634.928 	734.137 	-253.182 	589.055 	724.253 	0 	0 	0 	899.983 	259.427 	2.52982 	1186.51 	-210.015 	-1.4234 	1291.14 	-381.363 	-3.86812 	
-428.039 	630.391 	734.277 	-233.698 	586.16 	724.657 	0 	0 	0 	899.985 	259.394 	2.58795 	1186.48 	-210.002 	-1.37597 	1291.14 	-381.399 	-3.82841 	
-409.127 	625.407 	734.059 	-213.955 	583.444 	724.298 	0 	0 	0 	899.979 	259.397 	2.60865 	1186.49 	-210.037 	-1.33275 	1291.1 	-381.418 	-3.80012 	
-389.449 	620.496 	733.36 	-194.369 	579.797 	723.772 	0 	0 	0 	899.991 	259.415 	2.64122 	1186.46 	-210.033 	-1.32602 	1291.08 	-381.382 	-3.77655 	
-369.36 	614.788 	732.835 	-173.037 	577.909 	722.79 	0 	0 	0 	900.014 	259.462 	2.61155 	1186.44 	-210.012 	-1.33005 	1290.99 	-381.456 	-3.72865 	
-348.711 	608.281 	732.255 	-151.629 	574.185 	722.774 	0 	0 	0 	899.993 	259.457 	2.61345 	1186.4 	-210.034 	-1.31243 	1291.01 	-381.461 	-3.71702 	
-327.537 	601.433 	731.512 	-130.275 	569.724 	723.043 	0 	0 	0 	899.998 	259.458 	2.60111 	1186.42 	-210.037 	-1.36193 	1291.06 	-381.409 	-3.77242 	
-306.616 	593.483 	731.219 	-108.803 	564.366 	723.005 	0 	0 	0 	899.967 	259.442 	2.55774 	1186.4 	-210.046 	-1.40117 	1291.03 	-381.449 	-3.75644 	
-284.914 	585.085 	730.368 	-86.8181 	557.885 	722.404 	0 	0 	0 	899.977 	259.436 	2.50352 	1186.44 	-210.007 	-1.45289 	1291.21 	-381.315 	-3.91455 	
-263.249 	576.237 	728.745 	-64.8522 	550.725 	721.324 	0 	0 	0 	899.986 	259.436 	2.45998 	1186.49 	-209.991 	-1.52261 	1291.22 	-381.357 	-3.93932 	
-242.341 	566.789 	726.266 	-43.593 	542.79 	719.658 	0 	0 	0 	899.974 	259.411 	2.46866 	1186.49 	-210.011 	-1.50347 	1291.25 	-381.329 	-3.95154 	
-220.294 	556.232 	722.716 	-21.8114 	534.019 	717.136 	-224.088 	566.789 	721.612 	899.983 	259.421 	2.47129 	1186.5 	-210.019 	-1.50975 	1291.21 	-381.348 	-3.95245 	
-197.653 	532.459 	721.94 	0.26502 	524.288 	713.812 	-201.555 	557.405 	716.888 	899.973 	259.395 	2.5286 	1186.49 	-210.018 	-1.45354 	1291.19 	-381.341 	-3.89981 	
-175.179 	522.611 	716.954 	23.3637 	514.761 	709.76 	-178.796 	547.919 	711.862 	899.99 	259.417 	2.57539 	1186.54 	-209.994 	-1.40671 	1291.62 	-381.041 	-3.99772 	
-151.561 	512.893 	711.78 	47.0911 	506.191 	706.079 	-155.54 	537.97 	706.471 	899.963 	259.407 	2.61213 	1186.49 	-209.993 	-1.37471 	1291.07 	-381.416 	-3.77477 	
-128.363 	519.451 	703.426 	70.8025 	498.748 	703.787 	0 	0 	0 	899.995 	259.429 	2.61682 	1186.42 	-210.016 	-1.31865 	1291.03 	-381.426 	-3.74123 	
-105.856 	511.967 	701.73 	93.2129 	491.995 	703.112 	0 	0 	0 	900.003 	259.448 	2.62689 	1186.43 	-210.03 	-1.32437 	1290.98 	-381.418 	-3.7212 	
-85.0863 	505.017 	702.415 	112.935 	483.504 	704.566 	0 	0 	0 	900.019 	259.448 	2.59742 	1186.42 	-210.028 	-1.32984 	1291.09 	-381.386 	-3.80708 	
-65.184 	497.721 	704.095 	132.77 	477.096 	706.629 	0 	0 	0 	899.992 	259.463 	2.57882 	1186.47 	-210.002 	-1.38052 	1290.98 	-381.455 	-3.74378 	
-45.3815 	489.901 	706.171 	152.746 	471.814 	708.901 	0 	0 	0 	899.974 	259.461 	2.53967 	1186.48 	-210.011 	-1.45165 	1291.14 	-381.345 	-3.84388 	
-25.8816 	482.073 	708.477 	172.359 	467.427 	711.324 	0 	0 	0 	900.004 	259.45 	2.48693 	1186.53 	-209.966 	-1.49931 	1291.18 	-381.374 	-3.90127 	
-8.3548 	472.594 	711.432 	191.196 	463.012 	713.49 	0 	0 	0 	899.971 	259.446 	2.48329 	1186.46 	-209.991 	-1.52924 	1291.21 	-381.321 	-3.91332 	
10.1802 	466.379 	713.671 	209.765 	459.09 	715.197 	0 	0 	0 	899.972 	259.397 	2.47725 	1186.55 	-209.993 	-1.54195 	1291.32 	-381.293 	-3.97074 	
27.9251 	461.362 	715.71 	227.36 	455.287 	716.696 	0 	0 	0 	899.985 	259.426 	2.48236 	1186.5 	-209.991 	-1.48184 	1291.19 	-381.321 	-3.94663 	
44.4991 	456.976 	717.244 	244.397 	451.922 	717.677 	0 	0 	0 	899.97 	259.408 	2.51156 	1186.5 	-210.022 	-1.45742 	1291.15 	-381.36 	-3.86818 	
60.8243 	453.357 	717.669 	260.75 	448.858 	718.19 	0 	0 	0 	899.991 	259.389 	2.54672 	1186.45 	-210.031 	-1.39723 	1291.21 	-381.33 	-3.88999 	
77.3331 	450.791 	717.173 	276.848 	446.546 	718.108 	0 	0 	0 	899.958 	259.429 	2.56857 	1186.48 	-210.005 	-1.39744 	1291.1 	-381.385 	-3.80244 	
93.4529 	447.892 	716.45 	293.196 	444.494 	717.079 	0 	0 	0 	899.955 	259.396 	2.60709 	1186.44 	-210.031 	-1.34994 	1291.15 	-381.365 	-3.82996 	
110.252 	445.5 	715.474 	309.864 	442.703 	715.671 	0 	0 	0 	899.996 	259.383 	2.61383 	1186.44 	-210.055 	-1.30868 	1291.03 	-381.439 	-3.72447 	
127.637 	443.489 	714.693 	326.949 	440.739 	714.112 	0 	0 	0 	899.981 	259.439 	2.62441 	1186.45 	-209.984 	-1.34877 	1290.96 	-381.464 	-3.70626 	
145.449 	442.153 	714.286 	344.885 	439.35 	712.528 	0 	0 	0 	899.983 	259.448 	2.61847 	1186.45 	-210.01 	-1.33477 	1291.02 	-381.405 	-3.75683 	
163.313 	440.929 	714.213 	362.917 	437.651 	711.434 	0 	0 	0 	899.973 	259.435 	2.61107 	1186.47 	-209.981 	-1.34901 	1290.93 	-381.483 	-3.70134 	
182.238 	440.361 	713.692 	381.79 	436.093 	710.542 	0 	0 	0 	899.983 	259.475 	2.57837 	1186.46 	-210.012 	-1.38989 	1290.98 	-381.451 	-3.73361 	
201.947 	439.949 	712.668 	401.926 	435.031 	709.274 	0 	0 	0 	899.972 	259.427 	2.54598 	1186.49 	-209.999 	-1.45944 	1291.13 	-381.393 	-3.87919 	
222.734 	440.014 	711.523 	422.604 	434.178 	708.398 	0 	0 	0 	899.962 	259.447 	2.45855 	1186.47 	-210.003 	-1.51247 	1291.18 	-381.338 	-3.91616 	
244.684 	440.67 	710.833 	444.49 	434.231 	708.15 	0 	0 	0 	899.987 	259.406 	2.45727 	1186.48 	-210.026 	-1.51742 	1291.24 	-381.325 	-3.93977 	
266.477 	441.408 	711.188 	466.055 	434.757 	708.943 	0 	0 	0 	899.974 	259.405 	2.47613 	1186.49 	-209.987 	-1.51622 	1291.22 	-381.343 	-3.95179 	
287.616 	441.929 	711.995 	487.638 	435.597 	710.176 	0 	0 	0 	899.974 	259.41 	2.49581 	1186.45 	-210.039 	-1.42781 	1291.3 	-381.307 	-3.93366 	
308.681 	442.302 	712.897 	508.717 	436.26 	711.987 	0 	0 	0 	899.995 	259.394 	2.56584 	1186.55 	-210.002 	-1.43555 	1291.14 	-381.39 	-3.8685 	
329.441 	442.658 	714.014 	529.304 	437.154 	714.14 	0 	0 	0 	899.973 	259.384 	2.62759 	1186.49 	-210.022 	-1.34264 	1291.03 	-381.439 	-3.72694 	
348.978 	442.595 	715.692 	549.006 	437.349 	716.704 	0 	0 	0 	899.999 	259.439 	2.64135 	1186.42 	-210.044 	-1.31867 	1291 	-381.444 	-3.71368 	
367.729 	441.98 	717.343 	567.699 	437.305 	719.002 	0 	0 	0 	899.995 	259.444 	2.61043 	1186.45 	-210.005 	-1.35001 	1291 	-381.447 	-3.7444 	
385.463 	440.978 	718.807 	585.656 	437.246 	720.686 	0 	0 	0 	900.002 	259.456 	2.6061 	1186.44 	-210.05 	-1.31556 	1291.06 	-381.379 	-3.79597 	
402.728 	439.378 	720.416 	602.484 	437.054 	722.447 	0 	0 	0 	899.973 	259.442 	2.59336 	1186.42 	-210.032 	-1.34594 	1291.03 	-381.407 	-3.75533 	
419.862 	437.675 	722.171 	619.628 	437.461 	724.025 	0 	0 	0 	899.991 	259.44 	2.5836 	1186.43 	-210.002 	-1.3573 	1291.07 	-381.415 	-3.76483 	
436.459 	435.642 	724.253 	635.918 	437.963 	725.59 	0 	0 	0 	899.967 	259.457 	2.57739 	1186.42 	-210.052 	-1.37145 	1291.12 	-381.385 	-3.82018 	
452.896 	433.637 	726.456 	652.439 	438.654 	727.054 	0 	0 	0 	899.963 	259.451 	2.51874 	1186.44 	-210.033 	-1.42045 	1291.19 	-381.351 	-3.8779 	
469.14 	431.669 	728.459 	668.77 	439.355 	728.498 	0 	0 	0 	899.967 	259.418 	2.47628 	1186.53 	-209.981 	-1.52153 	1291.17 	-381.35 	-3.92648 	
485.203 	429.893 	730.381 	684.954 	439.891 	730.396 	0 	0 	0 	899.974 	259.417 	2.46306 	1186.51 	-210.003 	-1.53609 	1291.3 	-381.286 	-4.00786 	
501.43 	428.267 	732.116 	700.957 	440.617 	732.327 	0 	0 	0 	899.967 	259.397 	2.50443 	1186.49 	-210.001 	-1.49659 	1291.15 	-381.348 	-3.8967 	
517.833 	427.519 	733.557 	717.092 	441.33 	734.012 	0 	0 	0 	899.955 	259.405 	2.5263 	1186.52 	-209.994 	-1.4394 	1291.23 	-381.327 	-3.9042 	
533.956 	427.507 	734.544 	733.491 	442.24 	735.37 	0 	0 	0 	899.961 	259.401 	2.55688 	1186.44 	-210.056 	-1.38607 	1291.09 	-381.391 	-3.81544 	
550.23 	428.289 	734.984 	749.664 	443.314 	736.385 	0 	0 	0 	899.956 	259.365 	2.60261 	1186.49 	-210.003 	-1.38616 	1291.16 	-381.364 	-3.86242 	
566.639 	429.408 	734.769 	765.981 	444.214 	736.736 	0 	0 	0 	899.955 	259.375 	2.63769 	1186.47 	-210.028 	-1.34011 	1291.07 	-381.437 	-3.73852 	
582.868 	430.802 	734.42 	782.108 	444.738 	736.803 	0 	0 	0 	899.997 	259.442 	2.61 	1186.46 	-210.001 	-1.3757 	1290.97 	-381.462 	-3.73189 	
598.535 	432.388 	734.626 	797.772 	444.989 	737.039 	0 	0 	0 	900.016 	259.452 	2.5793 	1186.44 	-210.046 	-1.36839 	1291.02 	-381.434 	-3.73404 	
613.67 	435.197 	735.761 	813.171 	445.772 	738.381 	0 	0 	0 	899.99 	259.448 	2.54678 	1186.46 	-210.035 	-1.40233 	1291.04 	-381.443 	-3.76926 	
628.456 	438.072 	737.364 	828.278 	447.092 	740.316 	0 	0 	0 	899.979 	259.426 	2.50895 	1186.45 	-210.009 	-1.45905 	1291.16 	-381.369 	-3.89813 	
643.366 	441.077 	738.229 	842.979 	449.583 	742.163 	0 	0 	0 	899.97 	259.391 	2.49265 	1186.46 	-210.029 	-1.49973 	1291.25 	-381.286 	-3.9618 	
658.517 	444.217 	738.789 	858.085 	452.601 	743.174 	0 	0 	0 	899.971 	259.408 	2.46718 	1186.47 	-210.01 	-1.50343 	1291.29 	-381.309 	-3.94478 	
673.891 	448.181 	739.526 	873.331 	456.324 	744.129 	0 	0 	0 	899.977 	259.41 	2.45458 	1186.44 	-210.019 	-1.51298 	1291.34 	-381.278 	-3.97809 	
689.454 	452.735 	740.05 	888.873 	461.153 	744.676 	0 	0 	0 	899.977 	259.412 	2.49079 	1186.53 	-209.99 	-1.49375 	1291.24 	-381.335 	-3.92723 	
704.801 	456.809 	740.338 	904.145 	465.689 	744.444 	0 	0 	0 	899.976 	259.397 	2.54686 	1186.46 	-210.052 	-1.41294 	1291.23 	-381.299 	-3.91258 	
720.225 	460.159 	740.038 	919.462 	469.55 	743.187 	0 	0 	0 	899.969 	259.372 	2.59601 	1186.48 	-210.017 	-1.38106 	1291.09 	-381.401 	-3.78988 	
735.626 	462.776 	739.764 	934.725 	472.841 	741.789 	0 	0 	0 	899.961 	259.389 	2.64115 	1186.45 	-209.991 	-1.35536 	1290.94 	-381.515 	-3.69582 	
750.947 	464.819 	739.565 	950.183 	475.31 	740.757 	0 	0 	0 	899.995 	259.423 	2.62887 	1186.42 	-210.049 	-1.31957 	1290.95 	-381.487 	-3.72174 	
766.221 	466.373 	739.403 	965.354 	476.873 	739.668 	0 	0 	0 	899.98 	259.445 	2.60773 	1186.47 	-210.026 	-1.34429 	1291.01 	-381.422 	-3.7276 	
781.363 	467.164 	738.931 	980.641 	477.24 	738.452 	0 	0 	0 	899.993 	259.448 	2.58287 	1186.4 	-210.085 	-1.32741 	1291.04 	-381.408 	-3.75628 	
797.042 	467.859 	738.067 	996.324 	476.956 	736.996 	0 	0 	0 	899.984 	259.482 	2.53222 	1186.41 	-210.033 	-1.39269 	1291.09 	-381.371 	-3.82183 	
813.009 	467.878 	736.847 	1012.6 	475.856 	735.423 	0 	0 	0 	899.978 	259.455 	2.50831 	1186.44 	-210.047 	-1.46001 	1291.12 	-381.374 	-3.85552 	
829.944 	467.463 	734.956 	1029.64 	474.298 	733.769 	0 	0 	0 	899.973 	259.407 	2.47513 	1186.53 	-209.952 	-1.55006 	1291.19 	-381.335 	-3.94466 	
847.939 	466.634 	732.801 	1047.63 	472.219 	731.97 	0 	0 	0 	899.96 	259.44 	2.46789 	1186.53 	-209.944 	-1.55712 	1291.18 	-381.345 	-3.92351 	
867.41 	464.789 	731.001 	1066.93 	469.625 	730.518 	0 	0 	0 	899.943 	259.41 	2.49917 	1186.51 	-209.971 	-1.51155 	1291.22 	-381.313 	-3.94445 	
887.665 	463.486 	729.696 	1087.89 	466.856 	729.622 	0 	0 	0 	899.963 	259.392 	2.54022 	1186.49 	-209.988 	-1.44754 	1291.16 	-381.332 	-3.89169 	
907.302 	461.648 	728.682 	1107.04 	463.615 	729.408 	0 	0 	0 	899.975 	259.408 	2.5478 	1186.46 	-210.02 	-1.40399 	1291.11 	-381.382 	-3.84329 	
925.975 	459.3 	727.904 	1125.37 	459.135 	729.009 	0 	0 	0 	899.999 	259.411 	2.55568 	1186.52 	-210.014 	-1.40731 	1291.19 	-381.35 	-3.86263 	
944.189 	456.49 	727.182 	1143.49 	453.912 	728.408 	0 	0 	0 	899.967 	259.39 	2.60896 	1186.52 	-210.021 	-1.3687 	1291.15 	-381.369 	-3.83143 	
961.083 	452.78 	727.094 	1161.07 	448.62 	728.004 	0 	0 	0 	899.968 	259.418 	2.6089 	1186.45 	-210.038 	-1.32477 	1290.98 	-381.483 	-3.71449 	
977.419 	448.98 	727.059 	1176.68 	442.747 	727.963 	0 	0 	0 	900.011 	259.451 	2.59925 	1186.46 	-210.047 	-1.35148 	1291.05 	-381.353 	-3.77966 	
992.579 	443.835 	727.024 	1191.9 	436.982 	727.852 	0 	0 	0 	900.005 	259.468 	2.59103 	1186.46 	-210.017 	-1.37265 	1291.09 	-381.389 	-3.77194 	
1006.57 	438.697 	727.187 	1205.68 	431.188 	727.756 	0 	0 	0 	899.987 	259.467 	2.57213 	1186.41 	-210.072 	-1.35339 	1291.02 	-381.443 	-3.76022 	
1018.86 	433.055 	727.692 	1218.26 	425.098 	727.811 	0 	0 	0 	899.979 	259.441 	2.55797 	1186.4 	-210.049 	-1.35679 	1291.11 	-381.366 	-3.82249 	
1029.6 	426.931 	727.864 	1228.85 	419.64 	727.709 	0 	0 	0 	899.995 	259.46 	2.46743 	1186.49 	-209.989 	-1.47782 	1291.1 	-381.364 	-3.87433 	
1039.35 	419.86 	727.847 	1238.7 	413.011 	727.251 	0 	0 	0 	899.994 	259.385 	2.45975 	1186.48 	-209.995 	-1.51912 	1291.3 	-381.291 	-3.95192 	
1047.75 	411.884 	727.428 	1247.27 	405.501 	726.58 	0 	0 	0 	899.978 	259.415 	2.45775 	1186.5 	-210.01 	-1.52373 	1291.28 	-381.289 	-3.98011 	
1055.3 	403.36 	726.719 	1254.85 	397.829 	725.421 	0 	0 	0 	899.982 	259.391 	2.49398 	1186.5 	-210.029 	-1.4602 	1291.23 	-381.321 	-3.90756 	
1060.97 	393.5 	726.189 	1260.58 	388.164 	724.558 	0 	0 	0 	899.983 	259.407 	2.51998 	1186.51 	-209.996 	-1.4512 	1291.12 	-381.376 	-3.8646 	
1066.16 	382.849 	725.22 	1265.73 	377.929 	723.924 	0 	0 	0 	899.969 	259.373 	2.59007 	1186.45 	-210.059 	-1.3655 	1291.1 	-381.416 	-3.81308 	
1070.24 	371.528 	723.983 	1270.14 	366.375 	723.122 	0 	0 	0 	899.972 	259.394 	2.60471 	1186.52 	-209.98 	-1.37462 	1290.99 	-381.457 	-3.73508 	
1074.25 	359.577 	722.23 	1273.95 	354.24 	722.054 	0 	0 	0 	899.977 	259.391 	2.62014 	1186.44 	-210.05 	-1.32079 	1291.08 	-381.453 	-3.73572 	
1077.45 	346.846 	720.079 	1276.94 	341.6 	720.471 	0 	0 	0 	899.988 	259.443 	2.62751 	1186.45 	-210.006 	-1.32949 	1291.01 	-381.434 	-3.74357 	
1079.68 	332.986 	717.924 	1279.08 	327.795 	718.363 	0 	0 	0 	899.965 	259.456 	2.61141 	1186.42 	-210.05 	-1.33037 	1291 	-381.448 	-3.7544 	
1081.15 	317.283 	716.588 	1280.47 	313.193 	716.582 	0 	0 	0 	899.966 	259.451 	2.58939 	1186.42 	-210.045 	-1.34353 	1291.04 	-381.428 	-3.77284 	
1082.44 	300.993 	716.287 	1281.59 	297.421 	715.952 	0 	0 	0 	899.962 	259.452 	2.55605 	1186.47 	-209.994 	-1.41352 	1291.04 	-381.421 	-3.78669 	
1083.18 	283.785 	717.674 	1282.96 	280.543 	717.113 	0 	0 	0 	899.985 	259.431 	2.49756 	1186.4 	-210.042 	-1.43274 	1291.18 	-381.352 	-3.87131 	
1083.36 	266.747 	720.635 	1282.9 	263.18 	720.287 	0 	0 	0 	899.968 	259.423 	2.4695 	1186.45 	-210.018 	-1.49616 	1291.26 	-381.314 	-3.99704 	
1082.35 	249.349 	724.116 	1281.98 	245.66 	723.584 	0 	0 	0 	899.96 	259.411 	2.47191 	1186.57 	-209.967 	-1.56621 	1291.7 	-380.978 	-4.10275 	
1080.44 	231.094 	726.004 	1280.23 	227.581 	725.696 	0 	0 	0 	899.967 	259.427 	2.50045 	1186.57 	-209.98 	-1.53914 	1291.25 	-381.344 	-3.9217 	
1078.84 	211.122 	726.549 	1278.63 	207.727 	726.518 	0 	0 	0 	899.947 	259.391 	2.55316 	1186.52 	-209.988 	-1.4441 	1291.14 	-381.396 	-3.87413 	
1078.52 	191.013 	727.564 	1278.07 	187.06 	728.045 	0 	0 	0 	899.965 	259.408 	2.57235 	1186.5 	-210.015 	-1.38693 	1291.11 	-381.404 	-3.80437 	
1078.25 	172.126 	730.96 	1277.59 	167.881 	732.058 	0 	0 	0 	899.954 	259.395 	2.61584 	1186.47 	-210.02 	-1.36715 	1291.11 	-381.414 	-3.78629 	
1077.09 	155.68 	736.285 	1276.56 	150.471 	738.106 	0 	0 	0 	900.003 	259.449 	2.60102 	1186.41 	-210.022 	-1.30284 	1291.13 	-381.331 	-3.7775 	
1075.29 	139.974 	741.477 	1274.43 	133.884 	743.055 	0 	0 	0 	899.985 	259.477 	2.6163 	1186.44 	-210.035 	-1.33055 	1291.04 	-381.397 	-3.75667 	
1073.12 	123.483 	744.368 	1272.27 	116.666 	745.242 	0 	0 	0 	899.993 	259.477 	2.58144 	1186.45 	-210.016 	-1.33094 	1291.02 	-381.445 	-3.7297 	
1071.43 	105.763 	744.677 	1271.08 	99.2414 	744.913 	0 	0 	0 	899.979 	259.463 	2.5766 	1186.43 	-210.028 	-1.35324 	1291.1 	-381.376 	-3.76726 	
1070.24 	87.86 	743.453 	1270.02 	80.867 	743.897 	0 	0 	0 	899.957 	259.441 	2.54589 	1186.44 	-210.02 	-1.41157 	1291.07 	-381.427 	-3.80892 	
1069.34 	69.6955 	742.059 	1269.3 	62.7806 	743.16 	0 	0 	0 	899.978 	259.438 	2.47412 	1186.51 	-209.985 	-1.5164 	1291.13 	-381.38 	-3.86959 	
1068.7 	52.0902 	740.695 	1268.22 	44.757 	742.709 	0 	0 	0 	899.962 	259.411 	2.44048 	1186.51 	-209.986 	-1.53427 	1291.27 	-381.298 	-3.99574 	
1068.19 	34.5602 	739.296 	1268.39 	27.9324 	741.296 	0 	0 	0 	899.94 	259.407 	2.44839 	1186.52 	-209.989 	-1.55223 	1291.25 	-381.33 	-3.95156 	
1069.54 	23.137 	737.67 	1268.99 	15.0717 	739.795 	0 	0 	0 	899.951 	259.401 	2.46103 	1186.58 	-209.956 	-1.56234 	1291.3 	-381.304 	-3.97637 	
1069.23 	4.94616 	735.038 	1268.62 	-3.58777 	736.593 	0 	0 	0 	899.968 	259.394 	2.49356 	1186.54 	-209.985 	-1.48746 	1291.19 	-381.344 	-3.9026 	
1068.85 	-13.8711 	731.48 	1268.13 	-23.4856 	732.594 	0 	0 	0 	899.911 	259.401 	2.52962 	1186.49 	-210.028 	-1.37374 	1291.05 	-381.381 	-3.80386 	
1068.59 	-33.5862 	727.701 	1267.9 	-43.2516 	727.815 	0 	0 	0 	899.896 	259.388 	2.54806 	1186.54 	-209.989 	-1.37383 	1291.06 	-381.435 	-3.76823 	
1066.57 	-61.0645 	724.559 	1266.82 	-71.0238 	724.006 	0 	0 	0 	899.946 	259.458 	2.53066 	1186.47 	-210.013 	-1.34777 	1291.08 	-381.369 	-3.76147 	
1066.48 	-82.477 	724.146 	1265.74 	-96.0731 	724.663 	0 	0 	0 	899.971 	259.441 	2.50199 	1186.44 	-210.024 	-1.35696 	1290.94 	-381.504 	-3.71866 	
1066.91 	-103.63 	726.161 	1265.77 	-119.887 	727.637 	0 	0 	0 	899.963 	259.446 	2.51048 	1186.5 	-209.98 	-1.43145 	1291.11 	-381.387 	-3.84228 	
1067.01 	-124.507 	730.164 	1265.58 	-142.75 	732.262 	0 	0 	0 	899.979 	259.45 	2.49306 	1186.47 	-210.02 	-1.41025 	1291.18 	-381.348 	-3.84493 	
1066.72 	-145.612 	735.073 	1264.62 	-165.229 	737.06 	0 	0 	0 	899.954 	259.447 	2.48927 	1186.53 	-209.956 	-1.46624 	1291.16 	-381.336 	-3.85233 	
1065.91 	-168.526 	739.327 	1263.9 	-186.914 	739.684 	0 	0 	0 	899.958 	259.456 	2.43612 	1186.49 	-209.993 	-1.51761 	1291.17 	-381.326 	-3.91863 	
1064.67 	-193.41 	742.664 	1262.85 	-211.046 	740.862 	0 	0 	0 	899.971 	259.422 	2.41326 	1186.54 	-209.955 	-1.5751 	1291.26 	-381.317 	-3.95625 	
1064.09 	-219.195 	746.731 	1262.05 	-236.836 	742.317 	0 	0 	0 	899.947 	259.408 	2.44358 	1186.49 	-210.011 	-1.49401 	1291.24 	-381.322 	-3.96332 	
1062.37 	-236.233 	751.12 	1261.41 	-262.258 	746.437 	0 	0 	0 	899.956 	259.39 	2.46837 	1186.5 	-209.979 	-1.4994 	1291.21 	-381.3 	-3.94985 	
1062.81 	-267.062 	761.418 	1260.96 	-284.705 	752.876 	0 	0 	0 	899.936 	259.39 	2.50331 	1186.57 	-209.996 	-1.42561 	1291.05 	-381.418 	-3.78568 	
1060.98 	-287.858 	767.123 	1259.9 	-303.808 	758.651 	0 	0 	0 	899.922 	259.409 	2.50576 	1186.52 	-210.017 	-1.39147 	1291.08 	-381.415 	-3.78835 	
1059.63 	-306.108 	769.49 	1258.64 	-321.685 	762.763 	0 	0 	0 	899.936 	259.427 	2.51831 	1186.5 	-210.007 	-1.37824 	1291.04 	-381.428 	-3.75691 	
1057.98 	-322.49 	770.246 	1257 	-336.498 	764.548 	0 	0 	0 	899.949 	259.452 	2.54946 	1186.43 	-210.027 	-1.34076 	1290.98 	-381.429 	-3.74918 	
1055.32 	-335.806 	769.489 	1254.51 	-349.206 	764.75 	0 	0 	0 	899.979 	259.466 	2.52991 	1186.51 	-210.012 	-1.38609 	1290.96 	-381.478 	-3.70533 	
1053.23 	-346.847 	767.054 	1252.61 	-359.237 	762.789 	0 	0 	0 	899.958 	259.448 	2.5348 	1186.49 	-209.984 	-1.39678 	1291.09 	-381.379 	-3.78224 	
1053.15 	-355.191 	764.612 	1252.33 	-366.965 	760.914 	0 	0 	0 	899.94 	259.424 	2.48194 	0 	0 	0 	1291.11 	-381.386 	-3.81905 	
1050.93 	-366.226 	759.014 	1250.27 	-376.783 	755.957 	0 	0 	0 	899.971 	259.459 	2.42162 	0 	0 	0 	1291.21 	-381.392 	-3.90458 	
1048.73 	-380.606 	752.798 	0 	0 	0 	0 	0 	0 	899.945 	259.42 	2.43113 	0 	0 	0 	1291.22 	-381.378 	-3.94799 	
1046.44 	-392.923 	745.122 	1246.09 	-401.229 	744.027 	0 	0 	0 	899.973 	259.433 	2.42437 	0 	0 	0 	1291.32 	-381.295 	-4.01023 	
1044.9 	-408.875 	740.017 	0 	0 	0 	0 	0 	0 	899.941 	259.411 	2.43835 	0 	0 	0 	1291.2 	-381.338 	-3.93581 	
0 	0 	0 	1243.37 	-429.69 	734.043 	0 	0 	0 	899.962 	259.416 	2.46089 	0 	0 	0 	1291.15 	-381.403 	-3.87476 	
0 	0 	0 	1241.91 	-446.696 	730.9 	0 	0 	0 	899.98 	259.423 	2.45335 	0 	0 	0 	1291.06 	-381.415 	-3.80188 	
0 	0 	0 	1239.83 	-465.45 	727.147 	0 	0 	0 	899.956 	259.402 	2.48914 	0 	0 	0 	1291.1 	-381.425 	-3.7959 	
1034.66 	-503.533 	725.368 	1236.67 	-491.797 	725.067 	0 	0 	0 	899.98 	259.423 	2.50741 	0 	0 	0 	1290.98 	-381.483 	-3.69157 	
1031.29 	-532.458 	728.108 	1229.87 	-522.045 	729.264 	0 	0 	0 	899.97 	259.46 	2.52802 	0 	0 	0 	1291.03 	-381.434 	-3.74173 	
1027.33 	-562.037 	733.924 	1225.08 	-550.185 	735.205 	0 	0 	0 	899.987 	259.454 	2.51248 	0 	0 	0 	1291.04 	-381.434 	-3.77514 	
1022.41 	-590.888 	741.799 	1219.75 	-577.474 	742.721 	0 	0 	0 	899.943 	259.41 	2.50859 	0 	0 	0 	1291.09 	-381.383 	-3.83569 	
1016.88 	-619.91 	751.29 	1214.74 	-604.49 	751.321 	0 	0 	0 	899.343 	258.968 	2.79586 	0 	0 	0 	1291.16 	-381.342 	-3.91245 	
1011.65 	-648.447 	761.407 	1208.94 	-632.475 	760.957 	0 	0 	0 	898.743 	258.477 	3.10086 	0 	0 	0 	1291.29 	-381.281 	-4.01676 	
1006.92 	-675.475 	771.985 	1204.23 	-656.065 	770.326 	0 	0 	0 	898.144 	258.015 	3.40718 	0 	0 	0 	1291.3 	-381.304 	-3.9934 	
1003.36 	-698.605 	780.963 	1200.45 	-676.87 	778.755 	0 	0 	0 	897.289 	257.424 	3.89597 	0 	0 	0 	1291.26 	-381.276 	-3.98709 	
999.994 	-719.804 	787.86 	1197.04 	-696.539 	785.057 	0 	0 	0 	897.001 	257.152 	4.0786 	0 	0 	0 	1291.23 	-381.334 	-3.96161 	
996.562 	-740.207 	792.959 	1193.9 	-715.57 	788.97 	0 	0 	0 	900.161 	259.314 	2.30329 	0 	0 	0 	1291.08 	-381.415 	-3.81832 	
993.224 	-758.803 	796.255 	1190.26 	-735.386 	791.806 	0 	0 	0 	900.06 	259.221 	2.40086 	0 	0 	0 	1291.14 	-381.319 	-3.85499 	
989.538 	-776.042 	798.047 	1186.96 	-753.888 	794.211 	0 	0 	0 	900.154 	259.342 	2.36597 	0 	0 	0 	1291.18 	-381.296 	-3.90349 	
986.141 	-791.697 	798.225 	1183.92 	-770.836 	795.13 	0 	0 	0 	900.156 	259.359 	2.35353 	0 	0 	0 	1291.15 	-381.322 	-3.91377 	
983.243 	-806.726 	796.813 	1181.36 	-786.969 	794.412 	0 	0 	0 	900.14 	259.347 	2.31713 	0 	0 	0 	1291.23 	-381.314 	-3.94012 	
980.72 	-821.351 	793.93 	0 	0 	0 	0 	0 	0 	900.184 	259.355 	2.26467 	0 	0 	0 	1291.2 	-381.334 	-3.91342 	
0 	0 	0 	0 	0 	0 	0 	0 	0 	900.14 	259.299 	2.25594 	0 	0 	0 	1291.29 	-381.278 	-4.00051 	
0 	0 	0 	0 	0 	0 	0 	0 	0 	900.148 	259.309 	2.22009 	0 	0 	0 	1291.21 	-381.327 	-3.94943 	
0 	0 	0 	0 	0 	0 	0 	0 	0 	900.1 	259.283 	2.22965 	0 	0 	0 	1291.31 	-381.296 	-4.02193 	
0 	0 	0 	0 	0 	0 	0 	0 	0 	900.129 	259.266 	2.23653 	0 	0 	0 	1291.32 	-381.289 	-4.01824 	
0 	0 	0 	0 	0 	0 	0 	0 	0 	900.096 	259.292 	2.28363 	0 	0 	0 	1291.25 	-381.303 	-3.97181 	
0 	0 	0 	0 	0 	0 	0 	0 	0 	900.094 	259.269 	2.32844 	0 	0 	0 	1291.18 	-381.367 	-3.90852 	
976.655 	-936.915 	758.983 	1175.93 	-932.767 	760.339 	0 	0 	0 	900.108 	259.259 	2.33996 	0 	0 	0 	1291.11 	-381.451 	-3.8923 	
980.176 	-956.038 	756.602 	1178.74 	-953.808 	758.7 	0 	0 	0 	900.127 	259.289 	2.37381 	0 	0 	0 	1291.03 	-381.454 	-3.80333 	
984.561 	-974.724 	756.327 	1182.94 	-973.674 	758.496 	0 	0 	0 	900.212 	259.358 	2.35706 	0 	0 	0 	1291.15 	-381.389 	-3.83787 	
989.776 	-991.243 	756.784 	1188.37 	-991.146 	759.229 	0 	0 	0 	900.212 	259.358 	2.35706 	0 	0 	0 	1291.15 	-381.389 	-3.83787 	
995.014 	-1007.36 	757.346 	1193.65 	-1007.16 	759.584 	0 	0 	0 	900.123 	259.315 	2.32952 	0 	0 	0 	0 	0 	0 	
999.837 	-1023.45 	757.459 	1197.86 	-1024.98 	759.569 	0 	0 	0 	900.131 	259.349 	2.27382 	0 	0 	0 	0 	0 	0 	
1004.29 	-1039.71 	759.371 	0 	0 	0 	0 	0 	0 	900.166 	259.314 	2.24287 	0 	0 	0 	0 	0 	0 	
0 	0 	0 	0 	0 	0 	0 	0 	0 	900.095 	259.289 	2.24191 	0 	0 	0 	0 	0 	0 	
1010.79 	-1064.94 	765.189 	0 	0 	0 	0 	0 	0 	900.117 	259.299 	2.25732 	0 	0 	0 	1238.28 	-376.129 	16.0059 	
0 	0 	0 	1290.66 	-381.028 	-4.90308 	0 	0 	0 	900.127 	259.29 	2.28752 	1186.53 	-209.979 	-1.53832 	0 	0 	0 	
0 	0 	0 	0 	0 	0 	0 	0 	0 	900.119 	259.298 	2.30842 	1186.53 	-209.97 	-1.45721 	860.566 	247.644 	23.5783 	
0 	0 	0 	0 	0 	0 	0 	0 	0 	900.084 	259.28 	2.36031 	1186.51 	-210.008 	-1.41385 	867.536 	239.7 	21.5161 	
0 	0 	0 	0 	0 	0 	0 	0 	0 	900.133 	259.283 	2.36739 	1186.49 	-209.962 	-1.39053 	872.847 	240.143 	17.4093 	
0 	0 	0 	1242.82 	-388.668 	18.1258 	0 	0 	0 	900.186 	259.355 	2.352 	1186.44 	-210.025 	-1.35191 	875.337 	238.007 	15.357 	
0 	0 	0 	1242.75 	-388.696 	18.1816 	0 	0 	0 	900.151 	259.373 	2.35776 	1186.41 	-209.984 	-1.35062 	0 	0 	0 	
0 	0 	0 	1242.64 	-388.77 	18.1881 	0 	0 	0 	900.136 	259.371 	2.37151 	1186.43 	-210.009 	-1.36794 	0 	0 	0 	
0 	0 	0 	1242.81 	-388.637 	18.1136 	0 	0 	0 	900.122 	259.338 	2.33566 	1186.43 	-209.99 	-1.40404 	0 	0 	0 	
0 	0 	0 	1240.8 	-388.607 	19.2108 	0 	0 	0 	900.111 	259.321 	2.3058 	1186.42 	-210.016 	-1.43677 	0 	0 	0 	
0 	0 	0 	0 	0 	0 	0 	0 	0 	900.135 	259.326 	2.24547 	1186.45 	-210.02 	-1.51639 	0 	0 	0 	
0 	0 	0 	0 	0 	0 	0 	0 	0 	900.172 	259.311 	2.21177 	1186.52 	-209.934 	-1.58498 	0 	0 	0 	
0 	0 	0 	0 	0 	0 	0 	0 	0 	900.12 	259.298 	2.24852 	1186.53 	-209.967 	-1.55001 	0 	0 	0 	
0 	0 	0 	0 	0 	0 	0 	0 	0 	900.115 	259.286 	2.28486 	1186.55 	-209.952 	-1.5334 	0 	0 	0 	
0 	0 	0 	0 	0 	0 	0 	0 	0 	900.123 	259.298 	2.29996 	0 	0 	0 	0 	0 	0 	
0 	0 	0 	0 	0 	0 	0 	0 	0 	900.138 	259.267 	2.36379 	0 	0 	0 	0 	0 	0 	
0 	0 	0 	0 	0 	0 	0 	0 	0 	900.124 	259.294 	2.39127 	0 	0 	0 	0 	0 	0 	
0 	0 	0 	0 	0 	0 	0 	0 	0 	900.153 	259.353 	2.37283 	0 	0 	0 	0 	0 	0 	
1024.03 	-1094.54 	758.153 	0 	0 	0 	0 	0 	0 	900.207 	259.373 	2.35255 	0 	0 	0 	881.405 	244.112 	9.83083 	
0 	0 	0 	0 	0 	0 	0 	0 	0 	900.163 	259.384 	2.35255 	0 	0 	0 	880.573 	242.258 	12.569 	
1021.14 	-1073.75 	753.554 	1286.25 	-385.571 	-0.865643 	0 	0 	0 	900.165 	259.361 	2.31321 	0 	0 	0 	877.146 	246.723 	13.7163 	
1018.86 	-1063.11 	752.74 	1291.25 	-381.342 	-4.01253 	0 	0 	0 	900.171 	259.354 	2.2875 	0 	0 	0 	871.683 	247.72 	17.4082 	
0 	0 	0 	1291.27 	-381.325 	-3.98127 	0 	0 	0 	900.145 	259.337 	2.28001 	0 	0 	0 	859.328 	246.921 	24.1094 	
0 	0 	0 	1291.23 	-381.334 	-4.00352 	0 	0 	0 	900.116 	259.306 	2.2594 	0 	0 	0 	859.328 	246.921 	24.1094 	
0 	0 	0 	1291.35 	-381.265 	-4.07994 	0 	0 	0 	900.146 	259.31 	2.22569 	0 	0 	0 	859.328 	246.921 	24.1094 	
999.137 	-1013.96 	755.611 	1291.33 	-381.282 	-4.03482 	0 	0 	0 	900.169 	259.345 	2.24714 	0 	0 	0 	0 	0 	0 	
990.693 	-997.499 	757.189 	1291.27 	-381.283 	-3.999 	0 	0 	0 	900.147 	259.312 	2.27838 	0 	0 	0 	0 	0 	0 	
981.479 	-979.065 	758.903 	1291.15 	-381.376 	-3.90314 	0 	0 	0 	900.113 	259.29 	2.30969 	0 	0 	0 	0 	0 	0 	
0 	0 	0 	1291.08 	-381.397 	-3.83875 	0 	0 	0 	900.115 	259.295 	2.35495 	1172.01 	-962.521 	770.99 	971.745 	-958.187 	759.7 	
0 	0 	0 	1291.06 	-381.442 	-3.81622 	0 	0 	0 	900.118 	259.284 	2.38905 	1161.6 	-941.838 	772.641 	961.63 	-936.445 	761.526 	
951.594 	-913.844 	764.034 	1291.07 	-381.427 	-3.78036 	0 	0 	0 	900.16 	259.332 	2.38378 	1151.08 	-920.793 	776.289 	0 	0 	0 	
942.915 	-889.587 	766.346 	1291.07 	-381.444 	-3.78937 	0 	0 	0 	900.119 	259.331 	2.3906 	1142.44 	-897.181 	780.067 	0 	0 	0 	
0 	0 	0 	1291.1 	-381.392 	-3.8341 	0 	0 	0 	900.149 	259.381 	2.38177 	1134.46 	-872.858 	783.446 	934.75 	-865.857 	769.46 	
927.227 	-842.246 	772.217 	1291.12 	-381.354 	-3.82624 	0 	0 	0 	900.124 	259.337 	2.3893 	1126.7 	-849.729 	786.334 	0 	0 	0 	
919.605 	-819.309 	774.481 	1291.17 	-381.379 	-3.86776 	0 	0 	0 	900.152 	259.368 	2.34504 	1119.2 	-827.531 	788.733 	0 	0 	0 	
0 	0 	0 	1291.16 	-381.376 	-3.86524 	0 	0 	0 	900.122 	259.337 	2.34633 	1111.13 	-808.463 	791.587 	911.575 	-798.687 	777.102 	
0 	0 	0 	1291.26 	-381.296 	-3.98019 	0 	0 	0 	900.104 	259.3 	2.30964 	1104.78 	-791.214 	794.411 	905.204 	-780.128 	779.439 	
1271.23 	-346.938 	-6.61337 	1291.29 	-381.289 	-4.00607 	0 	0 	0 	900.109 	259.322 	2.24409 	1104.78 	-791.214 	794.411 	905.204 	-780.128 	779.439 	
1271.27 	-346.888 	-6.57436 	1291.27 	-381.328 	-3.99086 	0 	0 	0 	900.117 	259.282 	2.23825 	1104.78 	-791.214 	794.411 	905.204 	-780.128 	779.439 	
0 	0 	0 	1291.25 	-381.29 	-3.99671 	0 	0 	0 	900.125 	259.285 	2.26578 	1104.78 	-791.214 	794.411 	905.204 	-780.128 	779.439 	
0 	0 	0 	1291.23 	-381.273 	-3.98002 	0 	0 	0 	900.121 	259.272 	2.2874 	1100.13 	-722.881 	800.993 	900.727 	-712.571 	782.859 	
0 	0 	0 	1291.23 	-381.264 	-3.96689 	0 	0 	0 	900.117 	259.281 	2.3 	1101.22 	-705.997 	801.645 	901.843 	-696.771 	783.263 	
0 	0 	0 	1291.25 	-381.251 	-3.93812 	0 	0 	0 	900.121 	259.284 	2.33536 	1102.99 	-688.811 	801.989 	903.679 	-680.733 	783.295 	
1105.24 	-671.777 	802.267 	1291.21 	-381.294 	-3.8896 	0 	0 	0 	900.155 	259.364 	2.38358 	0 	0 	0 	906.101 	-664.492 	782.955 	
0 	0 	0 	1291.02 	-381.433 	-3.77142 	0 	0 	0 	900.153 	259.356 	2.37077 	1108.75 	-654.533 	801.898 	909.143 	-648.869 	782.286 	
0 	0 	0 	1290.97 	-381.466 	-3.74955 	0 	0 	0 	900.152 	259.373 	2.35672 	1112.12 	-636.091 	800.684 	912.35 	-633.078 	781.534 	
0 	0 	0 	1291.02 	-381.438 	-3.74853 	0 	0 	0 	900.17 	259.396 	2.34413 	1115.56 	-617.914 	798.135 	915.73 	-616.55 	779.718 	
0 	0 	0 	1291.08 	-381.383 	-3.81612 	0 	0 	0 	900.173 	259.376 	2.29802 	1119.32 	-599.166 	793.965 	919.107 	-600.56 	777.201 	
0 	0 	0 	1291.14 	-381.373 	-3.87134 	0 	0 	0 	900.122 	259.336 	2.27002 	1122.9 	-582.449 	789.123 	922.672 	-584.656 	774.27 	
0 	0 	0 	1291.21 	-381.346 	-3.92291 	0 	0 	0 	900.097 	259.296 	2.24292 	1122.9 	-582.449 	789.123 	922.672 	-584.656 	774.27 	
0 	0 	0 	1291.31 	-381.27 	-3.99674 	0 	0 	0 	900.101 	259.296 	2.21791 	1122.9 	-582.449 	789.123 	922.672 	-584.656 	774.27 	
0 	0 	0 	1291.22 	-381.353 	-3.94372 	0 	0 	0 	900.118 	259.3 	2.22369 	1122.9 	-582.449 	789.123 	922.672 	-584.656 	774.27 	
0 	0 	0 	1291.23 	-381.354 	-3.94774 	0 	0 	0 	900.115 	259.308 	2.25006 	1122.9 	-582.449 	789.123 	922.672 	-584.656 	774.27 	
0 	0 	0 	1291.23 	-381.305 	-3.91 	0 	0 	0 	900.071 	259.265 	2.27937 	1122.9 	-582.449 	789.123 	922.672 	-584.656 	774.27 	
1121.53 	-491.171 	775.676 	1291.1 	-381.428 	-3.81115 	0 	0 	0 	900.136 	259.297 	2.24614 	0 	0 	0 	924.28 	-459.134 	763.917 	
1212.54 	-291.988 	1019.59 	1291.11 	-381.393 	-3.78376 	0 	0 	0 	900.117 	259.281 	2.27691 	1120.38 	-472.732 	773.945 	920.017 	-442.886 	765.676 	
0 	0 	0 	1291 	-381.457 	-3.71642 	0 	0 	0 	900.133 	259.315 	2.31353 	1119.56 	-452.753 	773.061 	920.418 	-416.999 	765.74 	
1115.09 	-437.782 	774.133 	1291 	-381.434 	-3.74601 	0 	0 	0 	900.086 	259.324 	2.30558 	0 	0 	0 	921.679 	-389.196 	765.778 	
1114.71 	-415.299 	773.222 	1291 	-381.43 	-3.77497 	0 	0 	0 	900.116 	259.342 	2.30011 	0 	0 	0 	922.522 	-361.775 	766.147 	
1113.88 	-391.589 	772.629 	1291.04 	-381.409 	-3.82123 	0 	0 	0 	900.165 	259.356 	2.22961 	0 	0 	0 	922.444 	-334 	766.482 	
1112.57 	-395.443 	773.589 	1291.14 	-381.374 	-3.87327 	0 	0 	0 	900.119 	259.328 	2.2151 	1118.58 	-383.339 	770.23 	922.999 	-334.103 	766.326 	
1114.57 	-391.408 	772.47 	1291.22 	-381.324 	-3.95395 	0 	0 	0 	900.11 	259.304 	2.22388 	0 	0 	0 	922.999 	-334.103 	766.326 	
1114.57 	-391.408 	772.47 	1291.27 	-381.316 	-3.97034 	0 	0 	0 	900.128 	259.311 	2.22314 	1108.88 	-314.569 	780.025 	922.999 	-334.103 	766.326 	
1114.57 	-391.408 	772.47 	1105.98 	-288.201 	782.163 	0 	0 	0 	900.178 	259.326 	2.23655 	1186.54 	-209.998 	-1.50939 	922.999 	-334.103 	766.326 	
1114.57 	-391.408 	772.47 	1103.05 	-262.604 	782.661 	0 	0 	0 	900.115 	259.288 	2.30654 	1186.59 	-209.963 	-1.48247 	922.999 	-334.103 	766.326 	
1114.57 	-391.408 	772.47 	1099.19 	-238.356 	780.459 	0 	0 	0 	900.156 	259.3 	2.31298 	1186.53 	-210.019 	-1.39257 	922.999 	-334.103 	766.326 	
1114.57 	-391.408 	772.47 	1094.77 	-216.544 	777.069 	922.999 	-334.103 	766.326 	914.944 	-130.292 	774.145 	1291.03 	-381.47 	-3.73956 	1186.51 	-210.03 	-1.39707 	
0 	0 	0 	1090.54 	-195.027 	772.765 	900.196 	261.703 	2.61911 	911.823 	-105.832 	770.88 	1291.03 	-381.398 	-3.74133 	1186.47 	-210.013 	-1.35526 	
0 	0 	0 	1085.45 	-175.51 	768.642 	0 	0 	0 	907.988 	-83.3876 	767.528 	1290.99 	-381.457 	-3.73298 	1186.41 	-210.07 	-1.30675 	
0 	0 	0 	1079.87 	-156.468 	764.527 	900.994 	256.93 	2.35266 	904.035 	-61.4305 	764.142 	1290.96 	-381.466 	-3.7216 	1186.49 	-210.017 	-1.37951 	
0 	0 	0 	1073.97 	-137.469 	760.332 	899.553 	258.643 	2.92401 	899.733 	-39.2989 	760.709 	1291.06 	-381.42 	-3.80858 	1186.44 	-210.055 	-1.39448 	
0 	0 	0 	1068.26 	-118.294 	756.379 	899.951 	259.402 	2.51098 	895.488 	-17.0195 	757.295 	1291.09 	-381.4 	-3.82504 	1186.39 	-210.053 	-1.41935 	
0 	0 	0 	1065.19 	-97.8543 	752.337 	899.974 	259.45 	2.45397 	891.644 	5.76484 	753.3 	1291.24 	-381.343 	-3.94063 	1186.47 	-210.013 	-1.50545 	
0 	0 	0 	1059.13 	-80.02 	749.645 	899.969 	259.429 	2.45036 	888.292 	28.0083 	749.545 	1291.26 	-381.318 	-3.9516 	1186.49 	-210.005 	-1.52774 	
0 	0 	0 	1051.87 	-63.062 	747.582 	899.964 	259.404 	2.47393 	886.859 	51.0262 	745.739 	1291.22 	-381.337 	-3.93675 	1186.5 	-209.99 	-1.52467 	
0 	0 	0 	1043.72 	-47.222 	746.466 	899.978 	259.415 	2.50248 	882.03 	71.8371 	743.265 	1291.26 	-381.299 	-3.93193 	1186.48 	-210.034 	-1.43447 	
0 	0 	0 	1034.55 	-31.8528 	746.157 	899.965 	259.392 	2.5599 	876.21 	92.0523 	741.414 	1291.18 	-381.332 	-3.85665 	1186.51 	-209.995 	-1.41101 	
0 	0 	0 	1024.71 	-16.1474 	746.179 	899.96 	259.402 	2.59221 	870.005 	111.745 	739.842 	1291.13 	-381.377 	-3.83453 	1186.41 	-210.044 	-1.34216 	
0 	0 	0 	1015.18 	0.422018 	746.1 	899.977 	259.429 	2.60081 	863.209 	131.328 	738.03 	1291.03 	-381.484 	-3.73854 	1186.47 	-210.006 	-1.37081 	
0 	0 	0 	1005.52 	17.8569 	745.612 	899.99 	259.459 	2.60073 	853.602 	149.459 	736.793 	1291.06 	-381.416 	-3.77856 	1186.45 	-210.009 	-1.32277 	
0 	0 	0 	993.194 	34.5254 	745.503 	899.966 	259.461 	2.61854 	845.755 	169.683 	734.642 	1290.98 	-381.456 	-3.71928 	1186.44 	-210.012 	-1.32755 	
0 	0 	0 	984.092 	54.0676 	743.897 	899.973 	259.465 	2.58111 	837.388 	189.885 	732.43 	1290.97 	-381.45 	-3.74178 	1186.39 	-210.048 	-1.3386 	
0 	0 	0 	975.51 	73.986 	742.392 	899.964 	259.457 	2.56808 	829.069 	209.906 	730.357 	1290.94 	-381.515 	-3.74148 	1186.43 	-210.06 	-1.36865 	
0 	0 	0 	970.553 	95.9736 	740.089 	899.979 	259.446 	2.49748 	823.252 	231.376 	727.854 	1291.06 	-381.407 	-3.81294 	1186.47 	-209.981 	-1.46876 	
0 	0 	0 	963.888 	116.854 	738.519 	899.968 	259.404 	2.49014 	815.844 	251.449 	726.017 	1291.21 	-381.349 	-3.9166 	1186.53 	-209.978 	-1.52983 	
0 	0 	0 	955.184 	136.348 	737.515 	899.978 	259.426 	2.44829 	806.802 	270.031 	724.646 	1291.67 	-380.981 	-4.09285 	1186.49 	-209.974 	-1.52198 	
0 	0 	0 	948.636 	157.007 	735.357 	899.975 	259.418 	2.46867 	800.519 	291.22 	722.043 	1291.22 	-381.344 	-3.93124 	1186.52 	-210.003 	-1.51521 	
0 	0 	0 	944.725 	179.32 	732.47 	899.978 	259.432 	2.49933 	795.147 	312.753 	719.34 	1291.2 	-381.347 	-3.92377 	1186.59 	-209.969 	-1.50836 	
0 	0 	0 	939.199 	198.793 	731.601 	899.966 	259.416 	2.55235 	793.364 	335.918 	716.384 	1291.12 	-381.372 	-3.83314 	1186.44 	-210.042 	-1.37652 	
0 	0 	0 	934.331 	217.79 	732.345 	899.941 	259.418 	2.57169 	790.947 	356.873 	715.535 	1291.06 	-381.428 	-3.77237 	1186.46 	-210.023 	-1.37698 	
0 	0 	0 	930.516 	236.356 	733.226 	899.95 	259.413 	2.59014 	789.495 	377.413 	715.467 	1291.12 	-381.384 	-3.794 	1186.47 	-210.045 	-1.35332 	
0 	0 	0 	927.201 	254.357 	733.328 	899.967 	259.408 	2.59797 	788.157 	397.293 	715.43 	1291.06 	-381.445 	-3.75029 	1186.48 	-210.03 	-1.33346 	
0 	0 	0 	924.039 	271.172 	732.624 	899.979 	259.472 	2.61037 	786.696 	415.797 	714.784 	1291.03 	-381.408 	-3.72618 	1186.4 	-210.035 	-1.30309 	
0 	0 	0 	920.926 	286.508 	731.529 	899.972 	259.466 	2.59523 	785.043 	432.601 	713.464 	1290.95 	-381.455 	-3.69896 	1186.43 	-210.035 	-1.34538 	
0 	0 	0 	917.494 	300.103 	730.815 	899.995 	259.466 	2.57795 	784.18 	448.366 	711.904 	1291.12 	-381.365 	-3.8178 	1186.49 	-210.023 	-1.41022 	
0 	0 	0 	913.484 	311.984 	730.648 	899.97 	259.456 	2.56849 	783.664 	463.124 	711.017 	1291.15 	-381.319 	-3.86409 	1186.44 	-210.038 	-1.36709 	
0 	0 	0 	909.238 	323.203 	730.199 	899.985 	259.445 	2.51701 	783.137 	476.775 	710.635 	1291.09 	-381.381 	-3.84501 	1186.47 	-210.023 	-1.46406 	
0 	0 	0 	904.433 	333.274 	729.454 	899.974 	259.415 	2.49338 	782.714 	490.233 	710.288 	1291.16 	-381.36 	-3.90741 	1186.46 	-210.018 	-1.48391 	
0 	0 	0 	899.548 	343.601 	727.868 	899.969 	259.437 	2.47836 	782.29 	503.712 	710.251 	1291.2 	-381.308 	-3.9183 	1186.53 	-209.974 	-1.53531 	
0 	0 	0 	894.376 	354.082 	725.88 	899.979 	259.425 	2.45153 	781.907 	517.829 	710.044 	1291.3 	-381.267 	-3.9698 	1186.48 	-209.994 	-1.51946 	
0 	0 	0 	888.929 	365.068 	724.214 	899.967 	259.405 	2.46693 	781.653 	532.418 	710.269 	1291.23 	-381.331 	-3.96208 	1186.5 	-209.999 	-1.50869 	
0 	0 	0 	883.588 	376.779 	723.245 	899.954 	259.412 	2.49889 	781.919 	547.593 	711.282 	1291.21 	-381.346 	-3.92323 	1186.51 	-209.981 	-1.48524 	
0 	0 	0 	878.846 	388.835 	723.204 	899.964 	259.417 	2.55961 	782.978 	563.1 	712.872 	1291.16 	-381.347 	-3.88719 	1186.47 	-210.034 	-1.39951 	
0 	0 	0 	874.801 	400.604 	723.595 	899.968 	259.415 	2.6009 	784.767 	577.981 	714.322 	1291.12 	-381.393 	-3.79991 	1186.43 	-210.025 	-1.32657 	
0 	0 	0 	871.216 	411.904 	723.674 	899.968 	259.421 	2.63962 	786.984 	591.951 	714.968 	1291.01 	-381.414 	-3.71924 	1186.44 	-210.01 	-1.32075 	
0 	0 	0 	867.909 	422.257 	723.313 	899.955 	259.453 	2.62135 	789.12 	605.003 	715.17 	1291.03 	-381.415 	-3.72369 	1186.43 	-210.011 	-1.32125 	
0 	0 	0 	865.558 	432.174 	722.54 	899.989 	259.472 	2.58315 	791.106 	616.895 	715.415 	1291.04 	-381.41 	-3.74894 	1186.43 	-210.028 	-1.33414 	
0 	0 	0 	863.185 	441.5 	722.175 	899.983 	259.468 	2.58591 	792.485 	627.733 	715.975 	1291.06 	-381.393 	-3.78054 	1186.4 	-210.055 	-1.3481 	
0 	0 	0 	861.016 	450.174 	722.126 	899.973 	259.454 	2.51916 	793.52 	637.499 	716.888 	1291.09 	-381.385 	-3.82261 	1186.46 	-209.993 	-1.47802 	
0 	0 	0 	859.431 	458.096 	722.492 	899.958 	259.437 	2.4679 	795.495 	646.699 	718.055 	1291.28 	-381.261 	-3.99328 	1186.5 	-209.971 	-1.57909 	
0 	0 	0 	858.521 	464.502 	724.081 	899.957 	259.417 	2.47279 	797.672 	654.569 	719.506 	1291.26 	-381.299 	-3.963 	1186.45 	-210 	-1.51127 	
0 	0 	0 	858.59 	469.888 	726.698 	899.964 	259.392 	2.48712 	799.914 	660.884 	721.191 	1291.25 	-381.33 	-3.9274 	1186.57 	-209.949 	-1.5287 	
0 	0 	0 	859.058 	475.072 	729.193 	899.958 	259.443 	2.499 	802.021 	666.607 	722.416 	1291.24 	-381.297 	-3.92263 	1186.53 	-209.987 	-1.48054 	
0 	0 	0 	859.323 	480.227 	730.968 	899.961 	259.412 	2.56041 	804.006 	672.02 	723.271 	1291.16 	-381.346 	-3.86641 	1186.48 	-210.025 	-1.40374 	
0 	0 	0 	859.331 	485.533 	732.259 	899.988 	259.394 	2.57993 	805.479 	677.82 	723.905 	1291.18 	-381.378 	-3.85724 	1186.46 	-210.026 	-1.35108 	
0 	0 	0 	858.806 	491.383 	733.394 	899.976 	259.455 	2.61344 	806.407 	683.959 	724.506 	1291.02 	-381.41 	-3.74966 	1186.4 	-210.039 	-1.29663 	
0 	0 	0 	858.009 	497.238 	734.754 	900.013 	259.467 	2.60191 	806.704 	690.276 	724.592 	1291.06 	-381.395 	-3.75958 	1186.45 	-210.047 	-1.34584 	
0 	0 	0 	857.535 	503.698 	735.712 	899.98 	259.465 	2.60859 	806.599 	696.892 	724.076 	1291.04 	-381.399 	-3.7546 	1186.47 	-210.006 	-1.37202 	
0 	0 	0 	857.454 	511.023 	735.834 	899.973 	259.45 	2.57862 	806.38 	704.022 	722.905 	1291.01 	-381.452 	-3.77955 	1186.43 	-210.03 	-1.38326 	
0 	0 	0 	857.843 	519.615 	735.215 	899.992 	259.445 	2.52432 	806.066 	712.402 	721.316 	1291.16 	-381.37 	-3.88304 	1186.4 	-210.035 	-1.41506 	
0 	0 	0 	858.564 	529.677 	733.94 	899.982 	259.433 	2.47683 	805.805 	722.184 	719.866 	1291.24 	-381.272 	-3.93423 	1186.45 	-209.991 	-1.5099 	
0 	0 	0 	859.459 	541.294 	732.987 	899.988 	259.422 	2.45566 	805.849 	733.696 	718.947 	1291.3 	-381.297 	-3.97221 	1186.49 	-209.999 	-1.5156 	
0 	0 	0 	859.981 	554.876 	733.105 	899.989 	259.421 	2.47563 	805.685 	747.047 	718.989 	1291.21 	-381.363 	-3.94137 	1186.48 	-210.008 	-1.49232 	
0 	0 	0 	860.119 	569.794 	733.541 	899.991 	259.412 	2.5179 	805.451 	761.79 	719.406 	1291.13 	-381.354 	-3.85732 	1186.54 	-209.978 	-1.4555 	
0 	0 	0 	859.909 	585.753 	732.942 	899.956 	259.41 	2.57789 	804.369 	777.42 	719.361 	1291.09 	-381.404 	-3.81258 	1186.48 	-210.022 	-1.36383 	
0 	0 	0 	858.825 	602.069 	731.236 	899.978 	259.426 	2.58099 	803.346 	793.393 	717.876 	1290.98 	-381.469 	-3.73088 	1186.56 	-209.973 	-1.39386 	
0 	0 	0 	856.941 	617.755 	729.165 	899.99 	259.448 	2.62138 	802.995 	809.532 	715.881 	1291.11 	-381.34 	-3.78836 	1186.42 	-210.026 	-1.29976 	
0 	0 	0 	855.266 	632.822 	727.412 	899.98 	259.467 	2.59022 	803.521 	825.112 	713.868 	1290.98 	-381.459 	-3.72185 	1186.51 	-209.983 	-1.3892 	
0 	0 	0 	853.417 	647.029 	726.149 	899.971 	259.465 	2.57382 	803.911 	839.855 	712.56 	1291.03 	-381.385 	-3.78246 	1186.39 	-210.036 	-1.36131 	
0 	0 	0 	851.819 	660.219 	725.866 	899.993 	259.44 	2.53573 	804.569 	853.495 	711.525 	1291.14 	-381.337 	-3.85145 	1186.48 	-210.003 	-1.43939 	
0 	0 	0 	850.495 	672.158 	726.072 	899.969 	259.428 	2.52968 	805.795 	866.067 	711.105 	1291.13 	-381.368 	-3.85418 	1186.41 	-210.037 	-1.43976 	
0 	0 	0 	849.44 	683.127 	726.696 	899.959 	259.417 	2.47889 	807.098 	877.573 	711.263 	1291.18 	-381.353 	-3.93409 	1186.51 	-209.941 	-1.52815 	
0 	0 	0 	848.774 	692.768 	726.991 	899.967 	259.407 	2.49138 	808.456 	887.3 	711.421 	1291.17 	-381.367 	-3.94179 	1186.52 	-209.978 	-1.50418 	
0 	0 	0 	848.156 	701.166 	726.647 	899.971 	259.426 	2.50736 	810.229 	896.204 	710.964 	1291.25 	-381.304 	-3.92583 	1186.54 	-209.98 	-1.48681 	
0 	0 	0 	847.35 	708.782 	725.716 	899.967 	259.424 	2.52963 	811.907 	904.218 	709.98 	1291.15 	-381.4 	-3.86225 	1186.51 	-210.042 	-1.411 	
0 	0 	0 	845.357 	715.381 	724.453 	899.964 	259.408 	2.58966 	812.875 	911.357 	708.592 	1291.12 	-381.386 	-3.81777 	1186.49 	-209.987 	-1.37699 	
0 	0 	0 	843.108 	721.224 	723.408 	899.955 	259.405 	2.61852 	813.688 	917.678 	707.474 	1291.01 	-381.437 	-3.74356 	1186.48 	-210.009 	-1.36064 	
0 	0 	0 	840.341 	726.102 	723.118 	899.966 	259.463 	2.61642 	814.359 	923.446 	707.656 	1290.96 	-381.413 	-3.71773 	1186.46 	-209.99 	-1.33032 	
0 	0 	0 	837.09 	729.788 	723.724 	900.017 	259.444 	2.61616 	814.164 	927.416 	708.888 	1290.94 	-381.488 	-3.70613 	1186.49 	-210.012 	-1.34819 	
0 	0 	0 	833.402 	732.673 	724.585 	899.996 	259.472 	2.58829 	813.515 	931.169 	710.201 	1291.02 	-381.424 	-3.76624 	1186.42 	-210.037 	-1.33523 	
0 	0 	0 	830.71 	734.317 	724.913 	899.982 	259.461 	2.57629 	810.906 	933.269 	711.057 	1291.06 	-381.393 	-3.79089 	1186.42 	-210.054 	-1.34738 	
0 	0 	0 	829.121 	733.777 	725.467 	899.975 	259.452 	2.54031 	807.962 	932.889 	711.01 	1291.1 	-381.397 	-3.82016 	1186.49 	-209.98 	-1.45556 	
0 	0 	0 	828.568 	730.913 	726.801 	899.998 	259.444 	2.48394 	805.295 	929.747 	710.717 	1291.18 	-381.355 	-3.90811 	1186.47 	-209.992 	-1.48939 	
0 	0 	0 	828.539 	726.161 	728.255 	899.981 	259.392 	2.48986 	803.943 	924.416 	710.548 	1291.29 	-381.298 	-3.97675 	1186.52 	-209.979 	-1.5227 	
0 	0 	0 	828.898 	720.235 	729.062 	899.96 	259.416 	2.50391 	802.826 	918.454 	710.446 	1291.27 	-381.277 	-3.94122 	1186.51 	-210.011 	-1.4833 	
0 	0 	0 	829.981 	714.013 	729.054 	899.971 	259.423 	2.52402 	802.133 	911.833 	710.322 	1291.18 	-381.383 	-3.8872 	1186.49 	-210.006 	-1.41717 	
0 	0 	0 	831.964 	707.61 	728.732 	899.961 	259.424 	2.54288 	802.046 	905.07 	709.94 	1291.2 	-381.353 	-3.88048 	1186.44 	-210.037 	-1.40861 	
0 	0 	0 	834.491 	700.978 	728.572 	899.962 	259.383 	2.59674 	802.302 	897.903 	709.631 	1291.15 	-381.373 	-3.87329 	1186.52 	-210.013 	-1.37442 	
0 	0 	0 	836.681 	694.512 	728.818 	899.96 	259.376 	2.61688 	802.837 	891.122 	709.756 	1291.07 	-381.437 	-3.74283 	1186.42 	-210.034 	-1.32011 	
0 	0 	0 	838.604 	687.83 	729.181 	899.972 	259.438 	2.62132 	803.474 	884.171 	709.952 	1290.97 	-381.474 	-3.70121 	1186.36 	-210.047 	-1.27959 	
0 	0 	0 	840.08 	681.132 	729.396 	899.991 	259.452 	2.61745 	803.295 	876.991 	710.33 	1290.96 	-381.455 	-3.74386 	1186.42 	-210.041 	-1.34061 	
0 	0 	0 	841.015 	673.389 	729.52 	899.965 	259.462 	2.58162 	803.323 	869.152 	710.496 	1291.07 	-381.383 	-3.77759 	1186.39 	-210.049 	-1.3553 	
0 	0 	0 	841.793 	664.989 	729.487 	900 	259.459 	2.55102 	802.87 	860.346 	710.722 	1291.17 	-381.346 	-3.85255 	1186.43 	-210.031 	-1.40797 	
0 	0 	0 	842.495 	655.675 	729.463 	899.974 	259.462 	2.55956 	802.896 	850.925 	710.906 	1291.07 	-381.365 	-3.79847 	1186.42 	-210.038 	-1.3947 	
0 	0 	0 	843.259 	644.988 	729.508 	899.976 	259.445 	2.54411 	803.177 	840.189 	711.238 	1291.17 	-381.334 	-3.84189 	1186.45 	-209.988 	-1.43744 	
0 	0 	0 	843.948 	633.225 	729.366 	899.974 	259.457 	2.4755 	803.586 	828.392 	711.324 	1291.16 	-381.368 	-3.88088 	1186.5 	-209.973 	-1.51721 	
0 	0 	0 	844.751 	620.47 	729.025 	899.959 	259.428 	2.47379 	804.462 	815.271 	711.563 	1291.15 	-381.371 	-3.89443 	1186.57 	-209.971 	-1.5786 	
0 	0 	0 	845.958 	606.785 	728.834 	899.972 	259.431 	2.48878 	805.835 	801.602 	711.695 	1291.25 	-381.318 	-3.92635 	1186.5 	-209.986 	-1.4956 	
0 	0 	0 	846.972 	592.254 	728.981 	899.974 	259.423 	2.50738 	807.97 	787.088 	711.88 	1291.27 	-381.299 	-3.93842 	1186.52 	-209.992 	-1.48333 	
0 	0 	0 	847.853 	577.177 	729.486 	899.974 	259.42 	2.53335 	810.603 	772.143 	712.618 	1291.13 	-381.421 	-3.84058 	1186.49 	-210.052 	-1.40059 	
0 	0 	0 	848.765 	561.905 	730.791 	899.956 	259.412 	2.56987 	813.747 	757.376 	713.939 	1291.07 	-381.413 	-3.80002 	1186.46 	-210.033 	-1.36569 	
0 	0 	0 	849.655 	546.609 	732.302 	899.96 	259.396 	2.59799 	816.565 	742.583 	715.135 	1291.09 	-381.427 	-3.76727 	1186.44 	-210.045 	-1.3464 	
0 	0 	0 	850.876 	531.116 	733.08 	899.999 	259.439 	2.60564 	818.619 	727.504 	715.325 	1291.04 	-381.451 	-3.735 	1186.45 	-210.018 	-1.33024 	
0 	0 	0 	852.715 	516.1 	733.257 	900.001 	259.468 	2.59732 	821.23 	712.378 	714.855 	1290.94 	-381.482 	-3.69034 	1186.44 	-210.016 	-1.31925 	
0 	0 	0 	855.063 	501.831 	733.403 	899.973 	259.47 	2.61635 	824.345 	698.187 	714.758 	1290.99 	-381.456 	-3.74023 	1186.44 	-209.993 	-1.33175 	
0 	0 	0 	857.647 	488.665 	733.636 	899.979 	259.465 	2.57557 	827.16 	685.351 	714.991 	1291.05 	-381.415 	-3.78268 	1186.45 	-209.996 	-1.38128 	
0 	0 	0 	859.916 	476.735 	733.917 	899.976 	259.452 	2.5288 	829.592 	673.324 	715.161 	1291.11 	-381.371 	-3.82566 	1186.45 	-209.984 	-1.4221 	
0 	0 	0 	862.279 	465.601 	734.344 	899.952 	259.422 	2.4968 	831.908 	662.556 	715.388 	1291.17 	-381.329 	-3.93609 	1186.45 	-210.001 	-1.46902 	
0 	0 	0 	864.868 	455.901 	734.84 	899.955 	259.426 	2.46032 	833.41 	652.867 	715.96 	1291.22 	-381.334 	-3.92663 	1186.48 	-209.994 	-1.52107 	
0 	0 	0 	867.726 	447.641 	735.205 	899.968 	259.42 	2.46824 	834.595 	644.244 	716.856 	1291.22 	-381.348 	-3.96729 	1186.47 	-209.997 	-1.50566 	
0 	0 	0 	870.704 	440.494 	735.585 	899.977 	259.444 	2.49266 	835.064 	636.716 	717.662 	1291.21 	-381.296 	-3.92961 	1186.53 	-210.011 	-1.49782 	
0 	0 	0 	873.15 	434.076 	735.718 	899.977 	259.418 	2.5211 	835.335 	630.037 	717.786 	1291.14 	-381.364 	-3.84611 	1186.5 	-210.005 	-1.43706 	
0 	0 	0 	875.522 	428.114 	735.29 	899.956 	259.406 	2.57267 	835.511 	623.66 	717.364 	1291.04 	-381.462 	-3.79072 	1186.51 	-210.024 	-1.39766 	
0 	0 	0 	877.78 	422.156 	734.894 	899.94 	259.383 	2.61412 	835.45 	617.148 	716.471 	1291 	-381.461 	-3.70644 	1186.49 	-209.989 	-1.32639 	
0 	0 	0 	880.139 	415.833 	735.25 	899.97 	259.416 	2.63967 	835.719 	610.41 	715.93 	1291 	-381.417 	-3.71575 	1186.43 	-210.027 	-1.34328 	
0 	0 	0 	883.034 	409.461 	737.171 	899.989 	259.477 	2.61634 	836.151 	603.474 	716.42 	1291.01 	-381.415 	-3.74496 	1186.42 	-210.05 	-1.3191 	
0 	0 	0 	885.726 	403.753 	739.517 	899.997 	259.468 	2.60899 	836.447 	596.592 	717.271 	1290.98 	-381.485 	-3.73248 	1186.43 	-210.011 	-1.30328 	
0 	0 	0 	887.62 	397.695 	740.793 	900.004 	259.469 	2.60097 	836.908 	589.935 	717.576 	1291.04 	-381.403 	-3.74056 	1186.41 	-210.05 	-1.31597 	
0 	0 	0 	889.17 	391.51 	740.367 	899.956 	259.456 	2.59201 	837.758 	583.212 	717.098 	1291.02 	-381.423 	-3.7393 	1186.41 	-209.999 	-1.35246 	
0 	0 	0 	890.539 	384.931 	739.304 	899.99 	259.463 	2.54461 	838.868 	576.715 	715.934 	1291.1 	-381.366 	-3.84141 	1186.38 	-210.032 	-1.37202 	
0 	0 	0 	892.547 	378.42 	738.861 	899.997 	259.456 	2.49003 	840.87 	570.28 	714.807 	1291.13 	-381.38 	-3.87625 	1186.51 	-209.971 	-1.49936 	
0 	0 	0 	895.746 	372.614 	740.042 	899.943 	259.411 	2.48415 	843.522 	564.266 	714.76 	1291.23 	-381.318 	-3.9277 	1186.43 	-210.024 	-1.48671 	
0 	0 	0 	899.216 	367.156 	742.194 	899.96 	259.417 	2.4744 	845.74 	558.339 	715.958 	1291.24 	-381.311 	-3.9666 	1186.52 	-209.987 	-1.53264 	
0 	0 	0 	902.159 	362.087 	743.627 	899.964 	259.444 	2.47952 	847.952 	552.821 	717.445 	1291.19 	-381.341 	-3.90372 	1186.57 	-209.981 	-1.52832 	
0 	0 	0 	904.535 	356.964 	743.793 	899.97 	259.427 	2.52754 	849.008 	547.375 	718.536 	1291.29 	-381.307 	-3.92526 	1186.5 	-210.023 	-1.43656 	
0 	0 	0 	906.504 	351.353 	743.461 	899.952 	259.399 	2.57061 	849.985 	541.425 	719.195 	1291.03 	-381.423 	-3.78575 	1186.44 	-210.057 	-1.34514 	
0 	0 	0 	907.801 	344.777 	743.17 	899.954 	259.424 	2.57198 	850.743 	534.879 	719.73 	1291.03 	-381.452 	-3.76776 	1186.51 	-210.014 	-1.36238 	
0 	0 	0 	908.482 	338.046 	743.375 	899.972 	259.428 	2.59915 	851.9 	527.929 	720.198 	1291 	-381.447 	-3.74259 	1186.44 	-210.006 	-1.31263 	
0 	0 	0 	908.521 	329.982 	743.776 	899.989 	259.478 	2.61336 	852.961 	520.243 	720.574 	1291.48 	-381.073 	-3.88378 	1186.39 	-210.023 	-1.29484 	
0 	0 	0 	908.727 	320.521 	743.932 	899.956 	259.444 	2.61685 	854.477 	511.223 	720.663 	1291.01 	-381.412 	-3.73712 	1186.39 	-210.023 	-1.30789 	
0 	0 	0 	909.108 	309.943 	743.786 	899.981 	259.451 	2.61214 	856.736 	500.934 	720.224 	1291 	-381.474 	-3.7486 	1186.46 	-210.024 	-1.36425 	
0 	0 	0 	910.149 	298.043 	743.531 	899.994 	259.473 	2.58105 	859.908 	489.504 	719.574 	1291 	-381.418 	-3.78429 	1186.43 	-210.051 	-1.37486 	
0 	0 	0 	911.892 	285.239 	743.452 	899.996 	259.448 	2.54935 	864.131 	477.126 	718.793 	1291.15 	-381.352 	-3.82906 	1186.4 	-210.057 	-1.36988 	
